date,clock,side,quantity,reference,value,fee,dividend_tax,cash_after,shares_after,kind
2020-01-02,15:00,SELL,1000,18.38,18370.81,23.738226200000003,0.0,23861.071773800002,0,close_proxy
2020-01-03,09:25,BUY,1000,18.49,18499.245,5.3699849,0.0,5356.456788900003,1000,daily_open_indicative
2020-01-10,15:00,SELL,1000,18.03,18020.985,23.3814047,0.0,23354.060384200002,0,close_proxy
2020-01-13,09:25,BUY,1000,18.02,18029.01,5.3605802,0.0,5319.689804000005,1000,daily_open_indicative
2020-01-14,15:00,SELL,1000,18.39,18380.805,23.7484211,0.0,23676.746382900004,0,close_proxy
2020-01-15,09:25,BUY,1000,18.35,18359.175,5.3671835,0.0,5312.2041994000065,1000,daily_open_indicative
2020-01-16,15:00,SELL,1000,18.41,18400.795000000002,23.768810900000002,0.0,23689.230388500007,0,close_proxy
2020-01-17,09:25,BUY,1000,18.41,18419.204999999998,5.3683841,0.0,5264.657004400011,1000,daily_open_indicative
2020-01-20,15:00,SELL,1000,19.34,19330.33,24.716936600000004,0.0,24570.27006780001,0,close_proxy
2020-01-21,09:25,BUY,1000,19.2,19209.6,5.384192,0.0,5355.285875800011,1000,daily_open_indicative
2020-01-23,15:00,SELL,1000,20.0,19990.0,25.3898,0.0,25319.89607580001,0,close_proxy
2020-02-03,09:25,BUY,1000,18.0,18009.0,5.36018,0.0,7305.535895800011,1000,daily_open_indicative
2020-02-11,15:00,SELL,1000,19.23,19220.385000000002,24.604792700000004,0.0,26501.316103100013,0,close_proxy
2020-02-12,09:25,BUY,1000,19.08,19089.539999999997,5.3817908,0.0,7406.394312300017,1000,daily_open_indicative
2020-02-18,15:00,SELL,1000,18.85,18840.575,24.217386500000003,0.0,26222.751925800017,0,close_proxy
2020-02-19,09:25,BUY,1000,18.65,18659.325,5.3731865,0.0,7558.053739300016,1000,daily_open_indicative
2020-02-24,15:00,SELL,1000,20.14,20129.93,25.532528600000003,0.0,27662.451210700016,0,close_proxy
2020-02-25,09:25,BUY,1000,19.65,19659.825,5.3931965,0.0,7997.233014200014,1000,daily_open_indicative
2020-02-28,15:00,SELL,1000,17.08,17071.46,22.4128892,0.0,25046.280125000012,0,close_proxy
2020-03-02,09:25,BUY,1000,17.3,17308.649999999998,5.346173,0.0,7732.2839520000125,1000,daily_open_indicative
2020-03-11,15:00,SELL,1000,16.54,16531.73,21.8623646,0.0,24242.15158740001,0,close_proxy
2020-03-12,09:25,BUY,1000,16.25,16258.125,5.3251625,0.0,7978.701424900011,1000,daily_open_indicative
2020-03-25,15:00,SELL,1000,13.55,13543.225,18.8140895,0.0,21503.112335400012,0,close_proxy
2020-03-26,09:25,BUY,1000,13.41,13416.705,5.2683341,0.0,8081.139001300013,1000,daily_open_indicative
2020-04-03,15:00,SELL,1000,13.96,13953.02,19.2320804,0.0,22014.926920900012,0,close_proxy
2020-04-07,09:25,BUY,1000,14.35,14357.175,5.2871435,0.0,7652.464777400013,1000,daily_open_indicative
2020-04-15,15:00,SELL,1000,13.87,13863.065,19.1403263,0.0,21496.389451100014,0,close_proxy
2020-04-16,09:25,BUY,1000,13.75,13756.875,5.2751375,0.0,7734.239313600014,1000,daily_open_indicative
2020-04-17,15:00,SELL,1000,13.99,13983.005000000001,19.2626651,0.0,21697.981648500016,0,close_proxy
2020-04-20,09:25,BUY,1000,14.06,14067.029999999999,5.2813406,0.0,7625.670307900016,1000,daily_open_indicative
2020-04-21,15:00,SELL,1000,14.16,14152.92,19.435978400000003,0.0,21759.154329500016,0,close_proxy
2020-04-22,09:25,BUY,1000,14.06,14067.029999999999,5.2813406,0.0,7686.842988900016,1000,daily_open_indicative
2020-04-23,15:00,SELL,1000,13.96,13953.02,19.2320804,0.0,21620.630908500018,0,close_proxy
2020-04-24,09:25,BUY,1000,13.96,13966.98,5.2793396,0.0,7648.371568900018,1000,daily_open_indicative
2020-04-29,15:00,SELL,1000,14.24,14232.880000000001,19.517537600000004,0.0,21861.734031300017,0,close_proxy
2020-04-30,09:25,BUY,1000,14.31,14317.154999999999,5.2863431,0.0,7539.292688200017,1000,daily_open_indicative
2020-05-06,15:00,SELL,1000,14.76,14752.62,20.047672400000003,0.0,22271.865015800016,0,close_proxy
2020-05-07,09:25,BUY,1000,14.75,14757.375,5.2951475,0.0,7509.1948683000155,1000,daily_open_indicative
2020-05-20,15:00,SELL,1000,13.85,13843.075,19.1199365,0.0,21333.149931800017,0,close_proxy
2020-05-21,09:25,BUY,1000,13.88,13886.939999999999,5.2777388,0.0,7440.932193000019,1000,daily_open_indicative
2020-05-27,15:00,SELL,1000,13.48,13473.26,18.742725200000002,0.0,20895.44946780002,0,close_proxy
2020-05-28,09:25,BUY,1000,13.5,13506.75,5.270135,0.0,7383.4293328000185,1000,daily_open_indicative
2020-06-01,15:00,SELL,1000,13.88,13873.060000000001,19.1505212,0.0,21237.33881160002,0,close_proxy
2020-06-02,09:25,BUY,1000,13.9,13906.949999999999,5.278139,0.0,7325.110672600022,1000,daily_open_indicative
2020-06-17,15:00,SELL,1000,14.25,14242.875,19.5277325,0.0,21548.457940100023,0,close_proxy
2020-06-18,09:25,BUY,1000,14.25,14257.125,5.2851425,0.0,7286.047797600022,1000,daily_open_indicative
2020-06-19,15:00,SELL,1000,14.35,14342.825,19.629681500000004,0.0,21609.24311610002,0,close_proxy
2020-06-22,09:25,BUY,1000,14.36,14367.179999999998,5.2873436,0.0,7236.775772500021,1000,daily_open_indicative
2020-06-29,15:00,SELL,1000,15.22,15212.390000000001,20.5166378,0.0,22428.649134700023,0,close_proxy
2020-06-30,09:25,BUY,1000,15.19,15197.595,5.3039519,0.0,7225.750182800024,1000,daily_open_indicative
2020-07-02,15:00,SELL,1000,15.61,15602.195000000002,20.9142389,0.0,22807.030943900027,0,close_proxy
2020-07-03,09:25,BUY,1000,15.65,15657.824999999999,5.3131565,0.0,7143.892787400027,1000,daily_open_indicative
2020-07-09,15:00,SELL,1000,16.72,16711.64,22.0458728,0.0,23833.486914600027,0,close_proxy
2020-07-10,09:25,BUY,1000,16.68,16688.34,5.3337668,0.0,7139.813147800029,1000,daily_open_indicative
2020-07-14,15:00,SELL,1000,16.59,16581.705,21.9133391,0.0,23699.60480870003,0,close_proxy
2020-07-15,09:25,BUY,1000,16.83,16838.415,5.3367683,0.0,6855.85304040003,1000,daily_open_indicative
2020-07-21,15:00,SELL,1000,15.43,15422.285000000002,20.730730700000002,0.0,22257.407309700033,0,close_proxy
2020-07-22,09:25,BUY,1000,15.44,15447.72,5.3089544,0.0,6804.378355300034,1000,daily_open_indicative
2020-07-30,15:00,SELL,1000,14.29,14282.855000000001,19.568512100000003,0.0,21067.664843200037,0,close_proxy
2020-07-31,09:25,BUY,1000,14.28,14287.14,5.2857428,0.0,6775.2391004000365,1000,daily_open_indicative
2020-08-13,15:00,SELL,1000,15.17,15162.415,20.465663300000003,0.0,21917.188437100038,0,close_proxy
2020-08-14,09:25,BUY,1000,15.01,15017.505,5.3003501,0.0,6894.383087000038,1000,daily_open_indicative
2020-08-18,15:00,SELL,1000,15.18,15172.410000000002,20.475858200000005,0.0,22046.317228800042,0,close_proxy
2020-08-19,09:25,BUY,1000,15.18,15187.589999999998,5.3037518,0.0,6853.423477000044,1000,daily_open_indicative
2020-08-28,15:00,SELL,1000,14.75,14742.625,20.0374775,0.0,21576.010999500046,0,close_proxy
2020-08-31,09:25,BUY,1000,14.84,14847.42,5.2969484,0.0,6723.294051100045,1000,daily_open_indicative
2020-09-02,15:00,SELL,1000,14.77,14762.615000000002,20.057867300000005,0.0,21465.85118380005,0,close_proxy
2020-09-03,09:25,BUY,1000,14.84,14847.42,5.2969484,0.0,6613.134235400048,1000,daily_open_indicative
2020-09-09,15:00,SELL,1000,13.91,13903.045,19.1811059,0.0,20496.998129500047,0,close_proxy
2020-09-10,09:25,BUY,1000,14.0,14007.0,5.28014,0.0,6484.717989500046,1000,daily_open_indicative
2020-09-14,15:00,SELL,1000,13.85,13843.075,19.1199365,0.0,20308.67305300005,0,close_proxy
2020-09-15,09:25,BUY,1000,13.83,13836.914999999999,5.2767383,0.0,6466.481314700051,1000,daily_open_indicative
2020-09-21,15:00,SELL,1000,13.74,13733.130000000001,19.007792600000002,0.0,20180.603522100053,0,close_proxy
2020-09-22,09:25,BUY,1000,13.65,13656.824999999999,5.2731365,0.0,6518.505385600054,1000,daily_open_indicative
2020-10-13,15:00,SELL,1000,13.93,13923.035000000002,19.201495700000002,0.0,20422.338889900057,0,close_proxy
2020-10-14,09:25,BUY,1000,13.8,13806.9,5.2761379999999996,0.0,6610.162751900058,1000,daily_open_indicative
2020-10-21,15:00,SELL,1000,13.64,13633.18,18.9058436,0.0,20224.436908300057,0,close_proxy
2020-10-22,09:25,BUY,1000,13.58,13586.789999999999,5.2717358,0.0,6632.375172500057,1000,daily_open_indicative
2020-10-23,15:00,SELL,1000,13.59,13583.205,18.854869100000002,0.0,20196.725303400057,0,close_proxy
2020-10-26,09:25,BUY,1000,13.57,13576.785,5.2715357,0.0,6614.668767700057,1000,daily_open_indicative
2020-10-28,15:00,SELL,1000,13.94,13933.03,19.211690600000004,0.0,20528.487077100057,0,close_proxy
2020-10-29,09:25,BUY,1000,13.76,13766.88,5.2753376,0.0,6756.331739500058,1000,daily_open_indicative
2020-11-04,15:00,SELL,1000,13.47,13463.265000000001,18.7325303,0.0,20200.86420920006,0,close_proxy
2020-11-05,09:25,BUY,1000,13.68,13686.84,5.2737368,0.0,6508.750472400059,1000,daily_open_indicative
2020-11-06,15:00,SELL,1000,14.0,13993.0,19.27286,0.0,20482.47761240006,0,close_proxy
2020-11-09,09:25,BUY,1000,14.27,14277.134999999998,5.2855427,0.0,6200.057069700062,1000,daily_open_indicative
2020-11-16,15:00,SELL,1000,14.28,14272.86,19.5583172,0.0,20453.358752500062,0,close_proxy
2020-11-17,09:25,BUY,1000,14.26,14267.13,5.2853426,0.0,6180.943409900063,1000,daily_open_indicative
2020-12-02,15:00,SELL,1000,14.05,14042.975,19.323834500000004,0.0,20204.594575400064,0,close_proxy
2020-12-03,09:25,BUY,1000,14.0,14007.0,5.28014,0.0,6192.314435400063,1000,daily_open_indicative
2020-12-09,15:00,SELL,1000,13.82,13813.09,19.089351800000003,0.0,19986.315083600064,0,close_proxy
2020-12-10,09:25,BUY,1000,13.76,13766.88,5.2753376,0.0,6214.159746000065,1000,daily_open_indicative
2020-12-15,15:00,SELL,1000,13.56,13553.220000000001,18.824284400000003,0.0,19748.555461600066,0,close_proxy
2020-12-16,09:25,BUY,1000,13.56,13566.779999999999,5.2713356000000005,0.0,6176.504126000067,1000,daily_open_indicative
2020-12-18,15:00,SELL,1000,13.65,13643.175000000001,18.916038500000003,0.0,19800.76308750007,0,close_proxy
2020-12-21,09:25,BUY,1000,13.6,13606.8,5.272136,0.0,6188.69095150007,1000,daily_open_indicative
2020-12-24,15:00,SELL,1000,13.38,13373.310000000001,18.640776200000005,0.0,19543.36017530007,0,close_proxy
2020-12-25,09:25,BUY,1000,13.35,13356.675,5.2671335,0.0,6181.418041800071,1000,daily_open_indicative
2020-12-28,15:00,SELL,1000,13.27,13263.365000000002,18.5286323,0.0,19426.25440950007,0,close_proxy
2020-12-29,09:25,BUY,1000,13.32,13326.66,5.2665332,0.0,6094.327876300071,1000,daily_open_indicative
2020-12-31,15:00,SELL,1000,13.69,13683.155,18.9568181,0.0,19758.52605820007,0,close_proxy
2021-01-04,09:25,BUY,1000,13.7,13706.849999999999,5.274137,0.0,6046.401921200071,1000,daily_open_indicative
2021-01-06,15:00,SELL,1000,13.87,13863.065,19.1403263,0.0,19890.32659490007,0,close_proxy
2021-01-07,09:25,BUY,1000,13.79,13796.894999999999,5.2759379,0.0,6088.155657000072,1000,daily_open_indicative
2021-01-13,15:00,SELL,1000,15.18,15172.410000000002,20.475858200000005,0.0,21240.089798800072,0,close_proxy
2021-01-14,09:25,BUY,1000,15.15,15157.574999999999,5.3031515,0.0,6077.211647300073,1000,daily_open_indicative
2021-01-19,15:00,SELL,1000,15.1,15092.45,20.394299000000004,0.0,21149.267348300076,0,close_proxy
2021-01-20,09:25,BUY,1000,15.35,15357.675,5.3071535,0.0,5786.285194800077,1000,daily_open_indicative
2021-01-26,15:00,SELL,1000,14.82,14812.59,20.1088418,0.0,20578.76635300008,0,close_proxy
2021-01-27,09:25,BUY,1000,14.95,14957.474999999999,5.2991495,0.0,5615.99220350008,1000,daily_open_indicative
2021-02-05,15:00,SELL,1000,13.21,13203.395,18.4674629,0.0,18800.919740600082,0,close_proxy
2021-02-08,09:25,BUY,1000,13.15,13156.574999999999,5.2631315,0.0,5639.081609100083,1000,daily_open_indicative
2021-02-10,15:00,SELL,1000,14.04,14032.980000000001,19.313639600000002,0.0,19652.747969500084,0,close_proxy
2021-02-18,09:25,BUY,1000,14.12,14127.06,5.2825412,0.0,5520.405428300084,1000,daily_open_indicative
2021-02-22,15:00,SELL,1000,13.97,13963.015000000001,19.242275300000003,0.0,19464.178153000088,0,close_proxy
2021-02-23,09:25,BUY,1000,13.85,13856.925,5.2771385,0.0,5601.976014500089,1000,daily_open_indicative
2021-02-25,15:00,SELL,1000,13.92,13913.04,19.1913008,0.0,19495.82471370009,0,close_proxy
2021-02-26,09:25,BUY,1000,13.77,13776.884999999998,5.2755377,0.0,5713.664176000093,1000,daily_open_indicative
2021-03-04,15:00,SELL,1000,13.63,13623.185000000001,18.895648700000002,0.0,19317.953527300095,0,close_proxy
2021-03-05,09:25,BUY,1000,13.5,13506.75,5.270135,0.0,5805.933392300094,1000,daily_open_indicative
2021-03-08,15:00,SELL,1000,13.7,13693.150000000001,18.967013,0.0,19480.116379300096,0,close_proxy
2021-03-09,09:25,BUY,1000,13.68,13686.84,5.2737368,0.0,5788.002642500096,1000,daily_open_indicative
2021-03-17,15:00,SELL,1000,13.55,13543.225,18.8140895,0.0,19312.413553000097,0,close_proxy
2021-03-18,09:25,BUY,1000,13.57,13576.785,5.2715357,0.0,5730.357017300097,1000,daily_open_indicative
2021-03-31,15:00,SELL,1000,14.37,14362.815,19.6500713,0.0,20073.521946000095,0,close_proxy
2021-04-01,09:25,BUY,1000,14.41,14417.205,5.2883441,0.0,5651.028601900096,1000,daily_open_indicative
2021-04-08,15:00,SELL,1000,14.36,14352.820000000002,19.639876400000002,0.0,19984.208725500095,0,close_proxy
2021-04-09,09:25,BUY,1000,14.29,14297.144999999999,5.2859429,0.0,5681.7777826000965,1000,daily_open_indicative
2021-04-20,15:00,SELL,1000,14.38,14372.810000000001,19.660266200000002,0.0,20034.927516400097,0,close_proxy
2021-04-21,09:25,BUY,1000,14.33,14337.164999999999,5.2867433,0.0,5692.475773100099,1000,daily_open_indicative
2021-04-22,15:00,SELL,1000,14.18,14172.910000000002,19.456368200000004,0.0,19845.9294049001,0,close_proxy
2021-04-23,09:25,BUY,1000,14.15,14157.074999999999,5.2831415,0.0,5683.571263400101,1000,daily_open_indicative
2021-04-28,15:00,SELL,1000,14.55,14542.725,19.8335795,0.0,20206.4626839001,0,close_proxy
2021-04-29,09:25,BUY,1000,14.65,14657.324999999999,5.2931465,0.0,5543.8445374001,1000,daily_open_indicative
2021-05-07,15:00,SELL,1000,13.45,13443.275000000001,18.712140500000004,0.0,18968.407396900104,0,close_proxy
2021-05-10,09:25,BUY,1000,13.5,13506.75,5.270135,0.0,5456.387261900103,1000,daily_open_indicative
2021-05-13,15:00,SELL,1000,13.38,13373.310000000001,18.640776200000005,0.0,18811.056485700105,0,close_proxy
2021-05-14,09:25,BUY,1000,13.4,13406.699999999999,5.268134,0.0,5399.088351700106,1000,daily_open_indicative
2021-05-19,15:00,SELL,1000,13.21,13203.395,18.4674629,0.0,18584.015888800106,0,close_proxy
2021-05-20,09:25,BUY,1000,13.2,13206.599999999999,5.264132,0.0,5372.151756800107,1000,daily_open_indicative
2021-05-26,15:00,SELL,1000,12.56,12553.720000000001,17.804794400000002,0.0,17908.06696240011,0,close_proxy
2021-05-27,09:25,BUY,1000,12.53,12536.265,5.2507253,0.0,5366.55123710011,1000,daily_open_indicative
2021-06-01,15:00,SELL,1000,12.43,12423.785,17.672260700000002,0.0,17772.66397640011,0,close_proxy
2021-06-02,09:25,BUY,1000,12.42,12426.21,5.2485242,0.0,5341.205452200109,1000,daily_open_indicative
2021-06-08,15:00,SELL,1000,12.51,12503.745,17.753819900000003,0.0,17827.19663230011,0,close_proxy
2021-06-09,09:25,BUY,1000,12.47,12476.234999999999,5.2495247,0.0,5345.712107600111,1000,daily_open_indicative
2021-06-18,15:00,SELL,1000,12.49,12483.755000000001,17.7334301,0.0,17811.733677500113,0,close_proxy
2021-06-21,09:25,BUY,1000,12.4,12406.199999999999,5.248124,0.0,5400.2855535001145,1000,daily_open_indicative
2021-06-25,15:00,SELL,1000,12.61,12603.695000000002,17.8557689,0.0,17986.124784600113,0,close_proxy
2021-06-28,09:25,BUY,1000,12.66,12666.33,5.2533266,0.0,5314.541458000114,1000,daily_open_indicative
2021-07-06,15:00,SELL,1000,12.23,12223.885,17.4683627,0.0,17520.958095300113,0,close_proxy
2021-07-07,09:25,BUY,1000,12.19,12196.095,5.2439219,0.0,5319.619173400113,1000,daily_open_indicative
2021-07-16,15:00,SELL,1000,11.49,11484.255000000001,16.713940100000002,0.0,16787.160233300114,0,close_proxy
2021-07-19,09:25,BUY,1000,11.5,11505.75,5.230115,0.0,5276.1801183001135,1000,daily_open_indicative
2021-07-20,15:00,SELL,1000,11.72,11714.140000000001,16.948422800000003,0.0,16973.371695500115,0,close_proxy
2021-07-21,09:25,BUY,1000,11.7,11705.849999999999,5.234117,0.0,5262.287578500116,1000,daily_open_indicative
2021-08-02,15:00,SELL,1000,11.81,11804.095000000001,17.040176900000002,50.0,17249.342401600115,0,close_proxy
2021-08-03,09:25,BUY,1000,11.85,11855.925,5.2371185,0.0,5388.180283100117,1000,daily_open_indicative
2021-08-11,15:00,SELL,1000,11.78,11774.11,17.0095922,0.0,17145.280690900116,0,close_proxy
2021-08-12,09:25,BUY,1000,11.76,11765.88,5.2353176,0.0,5374.165373300117,1000,daily_open_indicative
2021-08-17,15:00,SELL,1000,12.02,12013.99,17.254269800000003,0.0,17370.901103500117,0,close_proxy
2021-08-18,09:25,BUY,1000,12.01,12016.005,5.2403201,0.0,5349.655783400118,1000,daily_open_indicative
2021-08-19,15:00,SELL,1000,11.85,11844.075,17.0809565,0.0,17176.649826900117,0,close_proxy
2021-08-20,09:25,BUY,1000,11.88,11885.939999999999,5.2377188,0.0,5285.472108100119,1000,daily_open_indicative
2021-09-02,15:00,SELL,1000,11.75,11744.125,16.9790075,0.0,17012.61810060012,0,close_proxy
2021-09-03,09:25,BUY,1000,11.8,11805.9,5.236118,0.0,5201.48198260012,1000,daily_open_indicative
2021-09-08,15:00,SELL,1000,12.19,12183.905,17.4275831,0.0,17367.95939950012,0,close_proxy
2021-09-09,09:25,BUY,1000,12.24,12246.119999999999,5.2449224,0.0,5116.594477100121,1000,daily_open_indicative
2021-10-11,15:00,SELL,1000,12.13,12123.935000000001,17.366413700000003,0.0,17223.163063400123,0,close_proxy
2021-10-12,09:25,BUY,1000,12.17,12176.085,5.2435217,0.0,5041.834541700124,1000,daily_open_indicative
2021-10-14,15:00,SELL,1000,11.86,11854.070000000002,17.0911514,0.0,16878.813390300125,0,close_proxy
2021-10-15,09:25,BUY,1000,11.86,11865.929999999998,5.2373186,0.0,5007.646071700126,1000,daily_open_indicative
2021-10-20,15:00,SELL,1000,11.59,11584.205,16.8158891,0.0,16575.035182600128,0,close_proxy
2021-10-21,09:25,BUY,1000,11.6,11605.8,5.232116,0.0,4964.003066600129,1000,daily_open_indicative
2021-10-25,15:00,SELL,1000,11.38,11374.310000000001,16.601796200000003,0.0,16321.71127040013,0,close_proxy
2021-10-26,09:25,BUY,1000,11.42,11425.71,5.2285142,0.0,4890.772756200131,1000,daily_open_indicative
2021-11-01,15:00,SELL,1000,11.44,11434.28,16.6629656,0.0,16308.389790600131,0,close_proxy
2021-11-02,09:25,BUY,1000,11.5,11505.75,5.230115,0.0,4797.409675600131,1000,daily_open_indicative
2021-11-05,15:00,SELL,1000,11.69,11684.155,16.9178381,0.0,16464.64683750013,0,close_proxy
2021-11-08,09:25,BUY,1000,11.68,11685.84,5.2337168,0.0,4773.573120700132,1000,daily_open_indicative
2021-11-12,15:00,SELL,1000,11.72,11714.140000000001,16.948422800000003,0.0,16470.764697900133,0,close_proxy
2021-11-15,09:25,BUY,1000,11.72,11725.859999999999,5.2345172,0.0,4739.670180700134,1000,daily_open_indicative
2021-11-16,15:00,SELL,1000,11.81,11804.095000000001,17.040176900000002,0.0,16526.725003800137,0,close_proxy
2021-11-17,09:25,BUY,1000,11.79,11795.894999999999,5.2359179,0.0,4725.594085900138,1000,daily_open_indicative
2021-11-22,15:00,SELL,1000,11.86,11854.070000000002,17.0911514,0.0,16562.57293450014,0,close_proxy
2021-11-23,09:25,BUY,1000,11.86,11865.929999999998,5.2373186,0.0,4691.405615900139,1000,daily_open_indicative
2021-12-01,15:00,SELL,1000,11.26,11254.37,16.4794574,0.0,15929.29615850014,0,close_proxy
2021-12-02,09:25,BUY,1000,11.21,11215.605,5.2243121,0.0,4708.466846400141,1000,daily_open_indicative
2021-12-06,15:00,SELL,1000,11.28,11274.36,16.4998472,0.0,15966.32699920014,0,close_proxy
2021-12-07,09:25,BUY,1000,11.32,11325.66,5.2265132,0.0,4635.440486000141,1000,daily_open_indicative
2021-12-09,15:00,SELL,1000,11.77,11764.115,16.9993973,0.0,16382.556088700141,0,close_proxy
2021-12-10,09:25,BUY,1000,11.75,11755.875,5.2351175,0.0,4621.445971200141,1000,daily_open_indicative
2021-12-24,15:00,SELL,1000,11.98,11974.01,17.213490200000003,0.0,16578.24248100014,0,close_proxy
2021-12-27,09:25,BUY,1000,11.98,11985.99,5.2397198,0.0,4587.01276120014,1000,daily_open_indicative
2022-01-04,15:00,SELL,1000,12.04,12033.980000000001,17.2746596,0.0,16603.71810160014,0,close_proxy
2022-01-05,09:25,BUY,1000,12.03,12036.015,5.2407202999999996,0.0,4562.462381300142,1000,daily_open_indicative
2022-02-09,15:00,SELL,1000,11.35,11344.325,16.571211500000004,0.0,15890.216169800142,0,close_proxy
2022-02-10,09:25,BUY,1000,11.37,11375.685,5.2275137,0.0,4509.303656100143,1000,daily_open_indicative
2022-02-11,15:00,SELL,1000,11.33,11324.335000000001,16.5508217,0.0,15817.087834400143,0,close_proxy
2022-02-14,09:25,BUY,1000,11.27,11275.635,5.2255127,0.0,4536.227321700142,1000,daily_open_indicative
2022-02-21,15:00,SELL,1000,11.4,11394.300000000001,16.622186000000003,0.0,15913.905135700143,0,close_proxy
2022-02-22,09:25,BUY,1000,11.34,11345.67,5.2269134,0.0,4563.008222300143,1000,daily_open_indicative
2022-02-24,15:00,SELL,1000,11.2,11194.400000000001,16.418288000000004,0.0,15740.989934300143,0,close_proxy
2022-02-25,09:25,BUY,1000,11.2,11205.599999999999,5.224112,0.0,4530.165822300145,1000,daily_open_indicative
2022-03-01,15:00,SELL,1000,11.17,11164.415,16.387703300000002,0.0,15678.193119000145,0,close_proxy
2022-03-02,09:25,BUY,1000,11.15,11155.574999999999,5.2231115,0.0,4517.395007500147,1000,daily_open_indicative
2022-03-03,15:00,SELL,1000,11.2,11194.400000000001,16.418288000000004,0.0,15695.376719500147,0,close_proxy
2022-03-04,09:25,BUY,1000,11.13,11135.564999999999,5.2227113,0.0,4554.589008200148,1000,daily_open_indicative
2022-03-14,15:00,SELL,1000,10.18,10174.91,15.3784082,0.0,14714.120600000148,0,close_proxy
2022-03-15,09:25,BUY,1000,10.19,10195.095,5.2039019,0.0,4513.821698100148,1000,daily_open_indicative
2022-03-17,15:00,SELL,1000,10.11,10104.945,15.3070439,0.0,14603.459654200147,0,close_proxy
2022-03-18,09:25,BUY,1000,10.1,10105.05,5.202101,0.0,4493.207553200147,1000,daily_open_indicative
2022-03-23,15:00,SELL,1000,10.39,10384.805,15.592501100000002,0.0,14862.420052100148,0,close_proxy
2022-03-24,09:25,BUY,1000,10.42,10425.21,5.2085042,0.0,4432.001547900149,1000,daily_open_indicative
2022-03-29,15:00,SELL,1000,10.08,10074.960000000001,15.276459200000001,0.0,14491.68508870015,0,close_proxy
2022-03-30,09:25,BUY,1000,10.12,10125.06,5.2025012,0.0,4361.42258750015,1000,daily_open_indicative
2022-03-31,15:00,SELL,1000,10.15,10144.925000000001,15.347823500000002,0.0,14490.999764000151,0,close_proxy
2022-04-01,09:25,BUY,1000,10.07,10075.035,5.2015007,0.0,4410.76326330015,1000,daily_open_indicative
2022-04-06,15:00,SELL,1000,10.2,10194.900000000001,15.398798000000003,0.0,14590.264465300152,0,close_proxy
2022-04-07,09:25,BUY,1000,10.17,10175.085,5.2035017,0.0,4409.975963600153,1000,daily_open_indicative
2022-04-11,15:00,SELL,1000,9.93,9925.035,15.1235357,0.0,14319.887427900152,0,close_proxy
2022-04-12,09:25,BUY,1000,9.93,9934.965,5.1986993,0.0,4379.723728600153,1000,daily_open_indicative
2022-04-28,15:00,SELL,1000,9.42,9415.29,14.6035958,0.0,13780.410132800154,0,close_proxy
2022-04-29,09:25,BUY,1000,9.46,9464.73,5.0946473,0.0,4310.585485500154,1000,daily_open_indicative
2022-05-18,15:00,SELL,1000,9.42,9415.29,14.509442900000002,0.0,13711.366042600155,0,close_proxy
2022-05-19,09:25,BUY,1000,9.33,9334.664999999999,5.09334665,0.0,4371.607695950157,1000,daily_open_indicative
2022-05-26,15:00,SELL,1000,9.22,9215.390000000001,14.307543900000002,0.0,13572.690152050158,0,close_proxy
2022-05-27,09:25,BUY,1000,9.23,9234.615,5.09234615,0.0,4332.9828059001575,1000,daily_open_indicative
2022-06-01,15:00,SELL,1000,9.37,9365.315,14.45896815,0.0,13683.838837750158,0,close_proxy
2022-06-02,09:25,BUY,1000,9.31,9314.654999999999,5.09314655,0.0,4364.090691200159,1000,daily_open_indicative
2022-06-06,15:00,SELL,1000,9.43,9425.285,14.51953785,0.0,13774.85615335016,0,close_proxy
2022-06-07,09:25,BUY,1000,9.44,9444.72,5.0944472,0.0,4325.041706150161,1000,daily_open_indicative
2022-06-15,15:00,SELL,1000,9.64,9635.18,14.7315318,0.0,13945.490174350161,0,close_proxy
2022-06-16,09:25,BUY,1000,9.68,9684.84,5.0968484,0.0,4255.553325950161,1000,daily_open_indicative
2022-06-20,15:00,SELL,1000,9.69,9685.155,14.782006550000002,0.0,13925.926319400161,0,close_proxy
2022-06-21,09:25,BUY,1000,9.69,9694.845,5.09694845,0.0,4225.984370950162,1000,daily_open_indicative
2022-06-24,15:00,SELL,1000,9.75,9745.125,14.84257625,0.0,13956.266794700163,0,close_proxy
2022-06-27,09:25,BUY,1000,9.75,9754.875,5.09754875,0.0,4196.294245950163,1000,daily_open_indicative
2022-06-29,15:00,SELL,1000,9.84,9835.08,14.9334308,0.0,14016.440815150163,0,close_proxy
2022-06-30,09:25,BUY,1000,9.83,9834.914999999999,5.09834915,0.0,4176.427466000165,1000,daily_open_indicative
2022-07-19,15:00,SELL,1000,9.8,9795.1,14.893051000000002,0.0,13956.634415000166,0,close_proxy
2022-07-20,09:25,BUY,1000,9.87,9874.935,5.09874935,0.0,4076.600665650167,1000,daily_open_indicative
2022-07-27,15:00,SELL,1000,9.94,9935.03,15.0343803,0.0,13996.596285350168,0,close_proxy
2022-07-28,09:25,BUY,1000,9.99,9994.994999999999,5.09994995,0.0,3996.5013354001694,1000,daily_open_indicative
2022-08-02,15:00,SELL,1000,9.91,9905.045,15.004095450000001,0.0,13886.54223995017,0,close_proxy
2022-08-03,09:25,BUY,1000,9.91,9914.955,5.09914955,0.0,3966.4880904001693,1000,daily_open_indicative
2022-08-08,15:00,SELL,1000,9.62,9615.19,14.7113419,100.0,13966.96674850017,0,close_proxy
2022-08-09,09:25,BUY,1000,9.6,9604.8,5.096048,0.0,4357.070700500171,1000,daily_open_indicative
2022-08-10,15:00,SELL,1000,9.57,9565.215,14.660867150000001,0.0,13907.624833350172,0,close_proxy
2022-08-11,09:25,BUY,1000,9.6,9604.8,5.096048,0.0,4297.728785350173,1000,daily_open_indicative
2022-08-12,15:00,SELL,1000,9.67,9665.165,14.761816650000002,0.0,13948.131968700174,0,close_proxy
2022-08-15,09:25,BUY,1000,9.66,9664.83,5.0966483,0.0,4278.205320400175,1000,daily_open_indicative
2022-08-18,15:00,SELL,1000,9.61,9605.195,14.70124695,0.0,13868.699073450174,0,close_proxy
2022-08-19,09:25,BUY,1000,9.52,9524.76,5.0952476,0.0,4338.843825850174,1000,daily_open_indicative
2022-08-23,15:00,SELL,1000,9.44,9435.28,14.529632800000002,0.0,13759.594193050174,0,close_proxy
2022-08-24,09:25,BUY,1000,9.42,9424.71,5.0942471,0.0,4329.789945950175,1000,daily_open_indicative
2022-09-06,15:00,SELL,1000,9.44,9435.28,14.529632800000002,0.0,13750.540313150175,0,close_proxy
2022-09-07,09:25,BUY,1000,9.43,9434.715,5.09434715,0.0,4310.730966000176,1000,daily_open_indicative
2022-09-28,15:00,SELL,1000,8.56,8555.720000000001,13.641277200000001,0.0,12852.809688800176,0,close_proxy
2022-09-29,09:25,BUY,1000,8.67,8674.335,5.08674335,0.0,4173.387945450177,1000,daily_open_indicative
2022-10-13,15:00,SELL,1000,8.35,8345.825,13.429283250000001,0.0,12505.783662200178,0,close_proxy
2022-10-14,09:25,BUY,1000,8.41,8414.205,5.08414205,0.0,4086.494520150178,1000,daily_open_indicative
2022-10-18,15:00,SELL,1000,8.5,8495.75,13.5807075,0.0,12568.663812650178,0,close_proxy
2022-10-19,09:25,BUY,1000,8.49,8494.244999999999,5.08494245,0.0,4069.33387020018,1000,daily_open_indicative
2022-11-02,15:00,SELL,1000,8.66,8655.67,13.7422267,0.0,12711.26164350018,0,close_proxy
2022-11-03,09:25,BUY,1000,8.68,8684.34,5.0868434,0.0,4021.8348001001796,1000,daily_open_indicative
2022-11-09,15:00,SELL,1000,8.64,8635.68,13.722036800000001,0.0,12643.79276330018,0,close_proxy
2022-11-10,09:25,BUY,1000,8.63,8634.314999999999,5.08634315,0.0,4004.391420150181,1000,daily_open_indicative
2022-11-16,15:00,SELL,1000,8.99,8985.505000000001,14.075360050000002,0.0,12975.821060100183,0,close_proxy
2022-11-17,09:25,BUY,1000,8.96,8964.48,5.0896448,0.0,4006.251415300183,1000,daily_open_indicative
2022-11-30,15:00,SELL,1000,9.15,9145.425000000001,14.236879250000001,0.0,13137.439536050184,0,close_proxy
2022-12-01,09:25,BUY,1000,9.21,9214.605,5.09214605,0.0,3917.742390000185,1000,daily_open_indicative
2022-12-07,15:00,SELL,1000,9.42,9415.29,14.509442900000002,0.0,13318.522947100186,0,close_proxy
2022-12-08,09:25,BUY,1000,9.41,9414.705,5.09414705,0.0,3898.7238000501857,1000,daily_open_indicative
2022-12-12,15:00,SELL,1000,9.46,9455.27,14.549822700000002,0.0,13339.443977350185,0,close_proxy
2022-12-13,09:25,BUY,1000,9.48,9484.74,5.0948474,0.0,3849.609129950186,1000,daily_open_indicative
2022-12-19,15:00,SELL,1000,9.37,9365.315,14.45896815,0.0,13200.465161800186,0,close_proxy
2022-12-20,09:25,BUY,1000,9.32,9324.66,5.0932466,0.0,3870.711915200187,1000,daily_open_indicative
2023-01-06,15:00,SELL,1000,9.38,9375.310000000001,14.469063100000001,0.0,13231.552852100189,0,close_proxy
2023-01-09,09:25,BUY,1000,9.48,9484.74,5.0948474,0.0,3741.7180047001893,1000,daily_open_indicative
2023-01-16,15:00,SELL,1000,9.5,9495.25,14.5902025,0.0,13222.37780220019,0,close_proxy
2023-01-17,09:25,BUY,1000,9.52,9524.76,5.0952476,0.0,3692.5225546001893,1000,daily_open_indicative
2023-02-02,15:00,SELL,1000,9.55,9545.225,14.640677250000001,0.0,13223.10687735019,0,close_proxy
2023-02-03,09:25,BUY,1000,9.5,9504.75,5.0950475,0.0,3713.2618298501893,1000,daily_open_indicative
2023-02-10,15:00,SELL,1000,9.78,9775.11,14.872861100000001,0.0,13473.49896875019,0,close_proxy
2023-02-13,09:25,BUY,1000,9.72,9724.859999999999,5.0972486,0.0,3743.5417201501914,1000,daily_open_indicative
2023-02-21,15:00,SELL,1000,9.88,9875.060000000001,14.973810600000002,0.0,13603.627909550192,0,close_proxy
2023-02-22,09:25,BUY,1000,9.81,9814.904999999999,5.09814905,0.0,3783.6247605001936,1000,daily_open_indicative
2023-03-03,15:00,SELL,1000,11.37,11364.315,16.47795815,0.0,15131.461802350193,0,close_proxy
2023-03-06,09:25,BUY,1000,11.5,11505.75,5.1150575,0.0,3620.596744850194,1000,daily_open_indicative
2023-03-14,15:00,SELL,1000,11.76,11754.12,16.871661200000002,0.0,15357.845083650194,0,close_proxy
2023-03-15,09:25,BUY,1000,11.96,11965.98,5.1196598,0.0,3386.745423850194,1000,daily_open_indicative
2023-03-20,15:00,SELL,1000,14.88,14872.560000000001,20.021285600000002,0.0,18239.284138250194,0,close_proxy
2023-03-21,09:25,BUY,1000,14.89,14897.445,5.14897445,0.0,3336.6901638001946,1000,daily_open_indicative
2023-03-23,15:00,SELL,1000,16.99,16981.505,22.151320050000002,0.0,20296.043843750194,0,close_proxy
2023-03-24,09:25,BUY,1000,16.85,16858.425,5.16858425,0.0,3432.450259500194,1000,daily_open_indicative
2023-03-27,15:00,SELL,1000,17.63,17621.185,22.797396850000002,0.0,21030.837862650194,0,close_proxy
2023-03-28,09:25,BUY,1000,17.08,17088.54,5.1708854,0.0,3937.1269772501946,1000,daily_open_indicative
2023-03-31,15:00,SELL,1000,17.22,17211.39,22.3835039,0.0,21126.133473350194,0,close_proxy
2023-04-03,09:25,BUY,1000,17.09,17098.545,5.17098545,0.0,4022.417487900195,1000,daily_open_indicative
2023-04-04,15:00,SELL,1000,17.41,17401.295000000002,22.575307950000003,0.0,21401.137179950198,0,close_proxy
2023-04-06,09:25,BUY,1000,18.0,18009.0,5.18009,0.0,3386.957089950196,1000,daily_open_indicative
2023-04-07,15:00,SELL,1000,18.37,18360.815000000002,23.544423150000004,0.0,21724.227666800198,0,close_proxy
2023-04-10,09:25,BUY,1000,18.06,18069.03,5.1806903,0.0,3650.0169765001992,1000,daily_open_indicative
2023-04-21,15:00,SELL,1000,18.79,18780.605,23.96841105,0.0,22406.6535654502,0,close_proxy
2023-04-24,09:25,BUY,1000,18.84,18849.42,5.1884942,0.0,3552.0450712502025,1000,daily_open_indicative
2023-05-26,15:00,SELL,1000,16.79,16781.605,21.94942105,0.0,20311.7006502002,0,close_proxy
2023-05-29,09:25,BUY,1000,17.29,17298.645,5.17298645,0.0,3007.882663750199,1000,daily_open_indicative
2023-05-30,15:00,SELL,1000,18.03,18020.985,23.20119485,0.0,21005.6664689002,0,close_proxy
2023-05-31,09:25,BUY,1000,18.11,18119.055,5.18119055,0.0,2881.430278350199,1000,daily_open_indicative
2023-06-12,15:00,SELL,1000,21.35,21339.325,26.55271825,0.0,24194.2025601002,0,close_proxy
2023-06-13,09:25,BUY,1000,21.2,21210.6,5.212106,0.0,2978.390454100201,1000,daily_open_indicative
2023-06-19,15:00,SELL,1000,26.46,26446.77,31.7112377,0.0,29393.4492164002,0,close_proxy
2023-06-20,09:25,BUY,1000,25.87,25882.934999999998,5.25882935,0.0,3505.2553870502015,1000,daily_open_indicative
2023-07-14,15:00,SELL,1000,27.26,27246.370000000003,32.5188337,0.0,30719.106553350204,0,close_proxy
2023-07-17,09:25,BUY,1000,26.89,26903.445,5.26903445,0.0,3810.392518900204,1000,daily_open_indicative
2023-08-07,15:00,SELL,1000,24.98,24967.510000000002,30.217185100000002,110.0,29187.685333800207,0,close_proxy
2023-08-08,09:25,BUY,1000,24.6,24612.3,5.246123,0.0,4570.139210800207,1000,daily_open_indicative
2023-08-23,15:00,SELL,1000,21.34,21329.33,26.542623300000002,0.0,25872.92658750021,0,close_proxy
2023-08-24,09:25,BUY,1000,22.5,22511.25,5.2251125,0.0,3356.451475000209,1000,daily_open_indicative
2023-09-07,15:00,SELL,1000,19.2,19190.4,14.787104000000001,0.0,22532.06437100021,0,close_proxy
2023-09-08,09:25,BUY,1000,19.01,19019.504999999997,5.19019505,0.0,3507.3691759502144,1000,daily_open_indicative
2023-09-11,15:00,SELL,1000,19.46,19450.27,14.919637700000001,0.0,22942.719538250214,0,close_proxy
2023-09-12,09:25,BUY,1000,19.19,19199.594999999998,5.19199595,0.0,3737.9325423002156,1000,daily_open_indicative
2023-09-25,15:00,SELL,1000,19.29,19280.355,14.83298105,0.0,23003.454561250215,0,close_proxy
2023-09-26,09:25,BUY,1000,19.49,19499.745,5.19499745,0.0,3498.5145638002177,1000,daily_open_indicative
2023-10-31,15:00,SELL,1000,14.72,14712.640000000001,12.503446400000001,0.0,18198.65111740022,0,close_proxy
2023-11-01,09:25,BUY,1000,14.76,14767.38,5.1476738,0.0,3426.1234436002196,1000,daily_open_indicative
2023-11-20,15:00,SELL,1000,16.12,16111.940000000002,13.217089400000003,0.0,19524.84635420022,0,close_proxy
2023-11-21,09:25,BUY,1000,16.19,16198.095000000001,5.16198095,0.0,3321.589373250219,1000,daily_open_indicative
2023-11-29,15:00,SELL,1000,14.95,14942.525000000001,12.620687750000002,0.0,18251.49368550022,0,close_proxy
2023-11-30,09:25,BUY,1000,15.08,15087.539999999999,5.1508754,0.0,3158.80281010022,1000,daily_open_indicative
2023-12-11,15:00,SELL,1000,15.59,15582.205000000002,12.946924550000002,0.0,18728.06088555022,0,close_proxy
2023-12-12,09:25,BUY,1000,15.61,15617.804999999998,5.15617805,0.0,3105.0997075002233,1000,daily_open_indicative
2023-12-20,15:00,SELL,1000,14.55,14542.725,12.41678975,0.0,17635.407917750224,0,close_proxy
2023-12-21,09:25,BUY,1000,14.55,14557.275,5.14557275,0.0,3072.987345000225,1000,daily_open_indicative
2024-01-12,15:00,SELL,1000,12.86,12853.570000000002,11.555320700000001,0.0,15915.002024300227,0,close_proxy
2024-01-15,09:25,BUY,1000,12.8,12806.4,5.128064,0.0,3103.473960300227,1000,daily_open_indicative
2024-01-19,15:00,SELL,1000,14.2,14192.900000000001,12.238379000000002,0.0,17284.13558130023,0,close_proxy
2024-01-22,09:25,BUY,1000,14.71,14717.355,5.14717355,0.0,2561.6334077502306,1000,daily_open_indicative
2024-01-26,15:00,SELL,1000,14.41,14402.795,12.34542545,0.0,16952.08298230023,0,close_proxy
2024-01-29,09:25,BUY,1000,14.22,14227.109999999999,5.1422711,0.0,2719.830711200233,1000,daily_open_indicative
2024-02-02,15:00,SELL,1000,13.92,13913.04,12.0956504,0.0,16620.77506080023,0,close_proxy
2024-02-05,09:25,BUY,1000,13.88,13886.939999999999,5.1388694,0.0,2728.696191400233,1000,daily_open_indicative
2024-02-20,15:00,SELL,1000,18.49,18480.755,14.425185050000001,0.0,21195.026006350236,0,close_proxy
2024-02-21,09:25,BUY,1000,17.73,17738.864999999998,5.17738865,0.0,3450.983617700236,1000,daily_open_indicative
2024-02-28,15:00,SELL,1000,18.2,18190.9,14.277359,0.0,21627.606258700238,0,close_proxy
2024-02-29,09:25,BUY,1000,18.16,18169.079999999998,5.1816908,0.0,3453.34456790024,1000,daily_open_indicative
2024-03-05,15:00,SELL,1000,22.75,22738.625,16.59669875,0.0,26175.37286915024,0,close_proxy
2024-03-06,09:25,BUY,1000,22.07,22081.035,5.22081035,0.0,4089.1170588002387,1000,daily_open_indicative
2024-03-11,15:00,SELL,1000,25.82,25807.09,18.1616159,0.0,29878.04544290024,0,close_proxy
2024-03-12,09:25,BUY,1000,25.26,25272.629999999997,5.2527263,0.0,4600.16271660024,1000,daily_open_indicative
2024-03-19,15:00,SELL,1000,25.51,25497.245000000003,18.00359495,0.0,30079.40412165024,0,close_proxy
2024-03-20,09:25,BUY,1000,25.3,25312.649999999998,5.2531265,0.0,4761.500995150243,1000,daily_open_indicative
2024-04-29,15:00,SELL,1000,24.52,24507.74,17.498947400000002,0.0,29251.742047750246,0,close_proxy
2024-04-30,09:25,BUY,1000,25.3,25312.649999999998,5.2531265,0.0,3933.838921250248,1000,daily_open_indicative
2024-05-20,15:00,SELL,1000,26.22,26206.890000000003,18.365513900000003,0.0,30122.36340735025,0,close_proxy
2024-05-21,09:25,BUY,1000,25.94,25952.969999999998,5.2595297,0.0,4164.1338776502525,1000,daily_open_indicative
2024-06-07,15:00,SELL,1000,24.53,24517.735,17.50404485,0.0,28664.364832800253,0,close_proxy
2024-06-11,09:25,BUY,1000,24.5,24512.25,5.2451225,0.0,4146.869710300252,1000,daily_open_indicative
2024-07-02,15:00,SELL,1000,27.36,27346.32,18.9466232,0.0,31474.24308710025,0,close_proxy
2024-07-03,09:25,BUY,1000,27.15,27163.574999999997,5.27163575,0.0,4305.396451350254,1000,daily_open_indicative
2024-07-08,15:00,SELL,1000,26.96,26946.52,18.742725200000002,0.0,31233.173726150253,0,close_proxy
2024-07-09,09:25,BUY,1000,27.1,27113.55,5.2711355,0.0,4114.352590650255,1000,daily_open_indicative
2024-07-10,15:00,SELL,1000,28.95,28935.525,19.757117750000003,0.0,33030.12047290026,0,close_proxy
2024-07-11,09:25,BUY,1000,29.45,29464.725,5.29464725,0.0,3560.1008256502573,1000,daily_open_indicative
2024-07-17,15:00,SELL,1000,25.95,25937.025,18.22788275,0.0,29478.897942900257,0,close_proxy
2024-07-18,09:25,BUY,1000,24.82,24832.41,5.2483241,0.0,4641.239618800257,1000,daily_open_indicative
2024-07-19,15:00,SELL,1000,24.66,24647.670000000002,17.5703117,0.0,29271.339307100257,0,close_proxy
2024-07-22,09:25,BUY,1000,24.49,24502.245,5.2450224500000004,0.0,4763.8492846502595,1000,daily_open_indicative
2024-07-23,15:00,SELL,1000,24.54,24527.73,17.5091423,0.0,29274.070142350258,0,close_proxy
2024-07-24,09:25,BUY,1000,24.4,24412.199999999997,5.244122,0.0,4856.626020350261,1000,daily_open_indicative
2024-08-01,15:00,SELL,1000,23.97,23958.015000000003,17.218587650000003,0.0,28797.422432700263,0,close_proxy
2024-08-02,09:25,BUY,1000,22.93,22941.465,5.22941465,0.0,5850.728018050264,1000,daily_open_indicative
2024-08-09,15:00,SELL,1000,20.79,20779.605,15.59759855,0.0,26614.735419500263,0,close_proxy
2024-08-12,09:25,BUY,1000,20.51,20520.254999999997,5.20520255,0.0,6089.275216950264,1000,daily_open_indicative
2024-08-26,15:00,SELL,1000,20.12,20109.940000000002,15.256069400000001,116.0,26647.959147550268,0,close_proxy
2024-08-27,09:25,BUY,1000,20.0,20010.0,5.2001,0.0,6632.759047550269,1000,daily_open_indicative
2024-08-30,15:00,SELL,1000,20.47,20459.765,15.43448015,0.0,27077.089567400268,0,close_proxy
2024-09-02,09:25,BUY,1000,20.37,20380.184999999998,5.20380185,0.0,6691.700765550271,1000,daily_open_indicative
2024-09-05,15:00,SELL,1000,18.88,18870.56,14.623985600000001,0.0,25547.636779950273,0,close_proxy
2024-09-06,09:25,BUY,1000,18.87,18879.434999999998,5.18879435,0.0,6663.012985600275,1000,daily_open_indicative
2024-09-10,15:00,SELL,1000,18.82,18810.59,14.5934009,0.0,25459.009584700274,0,close_proxy
2024-09-11,09:25,BUY,1000,18.72,18729.36,5.1872936,0.0,6724.462291100273,1000,daily_open_indicative
2024-09-25,15:00,SELL,1000,21.07,21059.465,15.74032715,0.0,27768.186963950273,0,close_proxy
2024-09-26,09:25,BUY,1000,21.11,21120.555,5.21120555,0.0,6642.4207584002725,1000,daily_open_indicative
2024-09-27,15:00,SELL,1000,23.0,22988.5,16.724135,0.0,29614.196623400272,0,close_proxy
2024-09-30,09:25,BUY,1000,24.3,24312.149999999998,5.2431215,0.0,5296.803501900275,1000,daily_open_indicative
2024-10-08,15:00,SELL,1000,27.71,27696.145,19.125033950000002,0.0,32973.82346795028,0,close_proxy
2024-10-09,09:25,BUY,1000,27.7,27713.85,5.2771385,0.0,5254.696329450278,1000,daily_open_indicative
2024-10-15,15:00,SELL,1000,24.6,24587.7,17.539727,0.0,29824.85660245028,0,close_proxy
2024-10-16,09:25,BUY,1000,23.61,23621.805,5.23621805,0.0,6197.815384400281,1000,daily_open_indicative
2024-10-21,15:00,SELL,1000,26.2,26186.9,18.355319,0.0,32366.360065400284,0,close_proxy
2024-10-22,09:25,BUY,1000,26.49,26503.245,5.26503245,0.0,5857.850032950286,1000,daily_open_indicative
2024-11-08,15:00,SELL,1000,25.98,25967.010000000002,18.243175100000002,0.0,31806.616857850287,0,close_proxy
2024-11-11,09:25,BUY,1000,25.3,25312.649999999998,5.2531265,0.0,6488.71373135029,1000,daily_open_indicative
2024-11-12,15:00,SELL,1000,25.72,25707.140000000003,18.110641400000002,0.0,32177.743089950294,0,close_proxy
2024-11-13,09:25,BUY,1000,25.47,25482.734999999997,5.25482735,0.0,6689.753262600298,1000,daily_open_indicative
2024-11-20,15:00,SELL,1000,24.0,23988.0,17.23388,0.0,30660.519382600298,0,close_proxy
2024-11-21,09:25,BUY,1000,23.6,23611.8,5.236118,0.0,7043.483264600298,1000,daily_open_indicative
2024-11-28,15:00,SELL,1000,21.85,21839.075,16.13792825,0.0,28866.4203363503,0,close_proxy
2024-11-29,09:25,BUY,1000,21.85,21860.925,5.21860925,0.0,7000.2767271002995,1000,daily_open_indicative
2024-12-06,15:00,SELL,1000,22.6,22588.7,16.520237,0.0,29572.4564901003,0,close_proxy
2024-12-09,09:25,BUY,1000,22.62,22631.309999999998,5.2263131,0.0,6935.920177000302,1000,daily_open_indicative
2024-12-20,15:00,SELL,1000,22.02,22008.99,16.224584900000004,0.0,28928.685592100304,0,close_proxy
2024-12-23,09:25,BUY,1000,22.23,22241.114999999998,5.22241115,0.0,6682.348180950306,1000,daily_open_indicative
2024-12-25,15:00,SELL,1000,22.72,22708.640000000003,16.581406400000002,0.0,29374.40677455031,0,close_proxy
2024-12-26,09:25,BUY,1000,22.64,22651.32,5.2265132,0.0,6717.86026135031,1000,daily_open_indicative
2024-12-27,15:00,SELL,1000,22.61,22598.695,16.525334450000003,0.0,29300.029926900308,0,close_proxy
2024-12-30,09:25,BUY,1000,22.55,22561.274999999998,5.22561275,0.0,6733.52931415031,1000,daily_open_indicative
2025-01-08,15:00,SELL,1000,20.63,20619.685,15.516039350000002,0.0,27337.69827480031,0,close_proxy
2025-01-09,09:25,BUY,1000,20.62,20630.309999999998,5.2063031,0.0,6702.181971700313,1000,daily_open_indicative
2025-01-15,15:00,SELL,1000,20.14,20129.93,15.266264300000001,0.0,26816.845707400313,0,close_proxy
2025-01-16,09:25,BUY,1000,20.35,20360.175,5.20360175,0.0,6451.467105650314,1000,daily_open_indicative
2025-01-17,15:00,SELL,1000,20.66,20649.670000000002,15.5313317,0.0,27085.605773950316,0,close_proxy
2025-01-20,09:25,BUY,1000,20.91,20920.454999999998,5.20920455,0.0,6159.941569400318,1000,daily_open_indicative
2025-01-23,15:00,SELL,1000,23.0,22988.5,16.724135,0.0,29131.717434400318,0,close_proxy
2025-01-24,09:25,BUY,1000,22.71,22721.355,5.22721355,0.0,6405.1352208503195,1000,daily_open_indicative
2025-01-27,15:00,SELL,1000,21.45,21439.275,15.934030250000001,0.0,27828.476190600322,0,close_proxy
2025-02-05,09:25,BUY,1000,20.56,20570.28,5.2057028,0.0,7252.990487800322,1000,daily_open_indicative
2025-02-07,15:00,SELL,1000,21.55,21539.225000000002,15.985004750000002,0.0,28776.230483050324,0,close_proxy
2025-02-10,09:25,BUY,1000,21.66,21670.829999999998,5.2167083,0.0,7100.183774750327,1000,daily_open_indicative
2025-02-11,15:00,SELL,1000,21.77,21759.115,16.09714865,0.0,28843.20162610033,0,close_proxy
2025-02-12,09:25,BUY,1000,21.72,21730.86,5.2173086,0.0,7107.124317500329,1000,daily_open_indicative
2025-02-13,15:00,SELL,1000,21.79,21779.105,16.107343550000003,0.0,28870.12197395033,0,close_proxy
2025-02-14,09:25,BUY,1000,21.81,21820.905,5.2182090500000005,0.0,7043.998764900331,1000,daily_open_indicative
2025-02-24,15:00,SELL,1000,23.21,23198.395,16.831181450000003,0.0,30225.56258345033,0,close_proxy
2025-02-25,09:25,BUY,1000,22.8,22811.399999999998,5.228114,0.0,7408.934469450331,1000,daily_open_indicative
2025-03-05,15:00,SELL,1000,21.04,21029.48,15.725034800000001,0.0,28422.68943465033,0,close_proxy
2025-03-06,09:25,BUY,1000,21.2,21210.6,5.212106,0.0,7206.877328650331,1000,daily_open_indicative
2025-03-11,15:00,SELL,1000,20.82,20809.59,15.6128909,0.0,28000.85443775033,0,close_proxy
2025-03-12,09:25,BUY,1000,20.92,20930.46,5.2093046,0.0,7065.185133150331,1000,daily_open_indicative
2025-03-17,15:00,SELL,1000,21.52,21509.24,15.969712400000002,0.0,28558.45542075033,0,close_proxy
2025-03-18,09:25,BUY,1000,21.48,21490.739999999998,5.2149074,0.0,7062.500513350333,1000,daily_open_indicative
2025-03-25,15:00,SELL,1000,20.51,20499.745000000003,15.454869950000003,0.0,27546.790643400334,0,close_proxy
2025-03-26,09:25,BUY,1000,20.43,20440.215,5.20440215,0.0,7101.371241250334,1000,daily_open_indicative
2025-04-10,15:00,SELL,1000,17.96,17951.02,14.155020200000001,0.0,25038.236221050334,0,close_proxy
2025-04-11,09:25,BUY,1000,17.65,17658.825,5.17658825,0.0,7374.234632800333,1000,daily_open_indicative
2025-04-22,15:00,SELL,1000,17.78,17771.11,14.063266100000002,0.0,25131.281366700332,0,close_proxy
2025-04-23,09:25,BUY,1000,18.19,18199.094999999998,5.18199095,0.0,6927.004375750334,1000,daily_open_indicative
2025-04-30,15:00,SELL,1000,18.06,18050.97,14.205994700000002,0.0,24963.768381050333,0,close_proxy
2025-05-06,09:25,BUY,1000,18.3,18309.149999999998,5.1830915,0.0,6649.435289550336,1000,daily_open_indicative
2025-05-07,15:00,SELL,1000,18.63,18620.685,14.496549350000002,0.0,25255.62374020034,0,close_proxy
2025-05-08,09:25,BUY,1000,18.7,18709.35,5.1870935,0.0,6541.08664670034,1000,daily_open_indicative
2025-05-13,15:00,SELL,1000,19.09,19080.455,14.731032050000001,0.0,25606.81061465034,0,close_proxy
2025-05-14,09:25,BUY,1000,19.48,19489.739999999998,5.1948974,0.0,6111.875717250343,1000,daily_open_indicative
2025-05-19,15:00,SELL,1000,19.05,19040.475000000002,14.710642250000001,0.0,25137.640075000345,0,close_proxy
2025-05-20,09:25,BUY,1000,19.05,19059.524999999998,5.19059525,0.0,6072.924479750349,1000,daily_open_indicative
2025-05-30,15:00,SELL,1000,18.93,18920.535,14.64947285,0.0,24978.81000690035,0,close_proxy
2025-06-03,09:25,BUY,1000,18.82,18829.41,5.1882941,0.0,6144.211712800348,1000,daily_open_indicative
2025-06-05,15:00,SELL,1000,20.56,20549.72,15.480357200000002,0.0,26678.45135560035,0,close_proxy
2025-06-06,09:25,BUY,1000,20.5,20510.25,5.2051025,0.0,6162.996253100351,1000,daily_open_indicative
2025-06-19,15:00,SELL,1000,20.81,20799.595,15.60779345,0.0,26946.983459650353,0,close_proxy
2025-06-20,09:25,BUY,1000,20.91,20920.454999999998,5.20920455,0.0,6021.319255100356,1000,daily_open_indicative
2025-06-26,15:00,SELL,1000,21.04,21029.48,15.725034800000001,0.0,27035.074220300354,0,close_proxy
2025-06-27,09:25,BUY,1000,21.04,21050.52,5.2105052,0.0,5979.343715100353,1000,daily_open_indicative
2025-07-04,15:00,SELL,1000,23.81,23798.095,17.137028450000003,0.0,29760.301686650353,0,close_proxy
2025-07-07,09:25,BUY,1000,23.8,23811.899999999998,5.238119,0.0,5943.163567650354,1000,daily_open_indicative
2025-07-09,15:00,SELL,1000,26.6,26586.7,18.559217000000004,0.0,32511.304350650353,0,close_proxy
2025-07-10,09:25,BUY,1000,26.9,26913.449999999997,5.2691345,0.0,5592.585216150357,1000,daily_open_indicative
2025-07-16,15:00,SELL,1000,26.73,26716.635000000002,18.625483850000002,0.0,32290.59473230036,0,close_proxy
2025-07-17,09:25,BUY,1000,26.63,26643.315,5.26643315,0.0,5642.013299150363,1000,daily_open_indicative
2025-07-18,15:00,SELL,1000,27.11,27096.445,18.819186950000002,0.0,32719.639112200362,0,close_proxy
2025-07-21,09:25,BUY,1000,27.0,27013.5,5.270135,0.0,5700.868977200364,1000,daily_open_indicative
2025-07-29,15:00,SELL,1000,31.19,31174.405000000002,20.89894655,0.0,36854.375030650364,0,close_proxy
2025-07-30,09:25,BUY,1000,31.0,31015.5,5.310155,0.0,5833.564875650365,1000,daily_open_indicative
2025-08-05,15:00,SELL,1000,35.05,35032.475,22.86656225,128.0,41355.173313400366,0,close_proxy
2025-08-06,09:25,BUY,1000,34.1,34117.049999999996,5.3411705,0.0,7232.782142900367,1000,daily_open_indicative
2025-08-13,15:00,SELL,1000,43.68,43658.16,28.176976464000006,0.0,50862.76516643637,0,close_proxy
2025-08-14,09:25,BUY,1000,43.96,43981.979999999996,6.394979892,0.0,6874.390186544377,1000,daily_open_indicative
2025-08-20,15:00,SELL,1000,47.91,47886.045000000006,30.905653443000006,0.0,54729.529533101384,0,close_proxy
2025-08-21,09:25,BUY,1000,47.42,47443.71,6.898315434000001,0.0,7278.921217667383,1000,daily_open_indicative
2025-08-26,15:00,SELL,1000,45.48,45457.26,29.338115604000002,0.0,52706.84310206339,0,close_proxy
2025-08-27,09:25,BUY,1000,45.0,45022.5,6.5462715000000005,0.0,7677.796830563384,1000,daily_open_indicative
2025-08-29,15:00,SELL,1000,53.83,53803.08500000001,34.72451105900001,0.0,61446.15731950439,0,close_proxy
2025-09-01,09:25,BUY,1000,53.99,54016.994999999995,7.854071073,0.0,7421.308248431393,1000,daily_open_indicative
2025-09-11,15:00,SELL,1000,59.04,59010.48,38.085363792,0.0,66393.7028846394,0,close_proxy
2025-09-12,09:25,BUY,1000,58.88,58909.439999999995,8.565432576,0.0,7475.697452063403,1000,daily_open_indicative
2025-09-23,15:00,SELL,1000,70.87,70834.565,45.716628251,0.0,78264.5458238124,0,close_proxy
2025-09-24,09:25,BUY,1000,68.8,68834.4,10.00852176,0.0,9420.137302052404,1000,daily_open_indicative
2025-10-16,15:00,SELL,1000,63.59,63558.205,41.020465507000004,0.0,72937.32183654541,0,close_proxy
2025-10-17,09:25,BUY,1000,63.0,63031.5,9.1647801,0.0,9896.657056445409,1000,daily_open_indicative
2025-10-22,15:00,SELL,1000,65.46,65427.27,42.226760058,0.0,75281.7002963874,0,close_proxy
2025-10-23,09:25,BUY,1000,64.8,64832.399999999994,9.42663096,0.0,10439.873665427403,1000,daily_open_indicative
2025-10-27,15:00,SELL,1000,72.76,72723.62000000001,46.93582434800001,0.0,83116.55784107943,0,close_proxy
2025-10-28,09:25,BUY,1000,71.18,71215.59,10.354746786000002,0.0,11890.613094293425,1000,daily_open_indicative
2025-10-30,15:00,SELL,1000,77.97,77931.015,50.296677081,0.0,89771.33141721242,0,close_proxy
2025-10-31,09:25,BUY,1000,77.95,77988.97499999999,11.339596965,0.0,11771.01682024743,1000,daily_open_indicative
2025-11-04,15:00,SELL,1000,73.49,73453.255,47.40673077700001,0.0,85176.86508947043,0,close_proxy
2025-11-05,09:25,BUY,1000,70.31,70345.155,10.228185537000002,0.0,14821.48190393344,1000,daily_open_indicative
2025-11-06,15:00,SELL,1000,76.22,76181.89,49.167791806,0.0,90954.20411212744,0,close_proxy
2025-11-07,09:25,BUY,1000,74.07,74107.03499999999,10.775162888999999,0.0,16836.393949238452,1000,daily_open_indicative
2025-11-11,15:00,SELL,1000,68.03,67995.985,43.884608719000006,0.0,84788.49434051945,0,close_proxy
2025-11-12,09:25,BUY,1000,66.45,66483.22499999999,9.666660915,0.0,18295.60267960446,1000,daily_open_indicative
2025-12-01,15:00,SELL,1000,59.81,59780.095,38.582073313,0.0,78037.11560629145,0,close_proxy
2025-12-02,09:25,BUY,1000,59.83,59859.91499999999,8.703631641,0.0,18168.496974650458,1000,daily_open_indicative
2025-12-10,15:00,SELL,1000,65.21,65177.395,42.065490733000004,0.0,83303.82648391745,0,close_proxy
2025-12-11,09:25,BUY,1000,64.01,64042.005000000005,9.311707527000001,0.0,19252.50977639045,1000,daily_open_indicative
2025-12-18,15:00,SELL,1000,58.28,58250.86,37.595105044,0.0,77465.77467134644,0,close_proxy
2025-12-19,09:25,BUY,1000,59.19,59219.594999999994,8.610529113,0.0,18237.56914223345,1000,daily_open_indicative
2025-12-24,15:00,SELL,1000,65.14,65107.43,42.020335322,0.0,83302.97880691144,0,close_proxy
2025-12-25,09:25,BUY,1000,65.4,65432.700000000004,9.513914580000002,0.0,17860.76489233144,1000,daily_open_indicative
2026-01-12,15:00,SELL,1000,60.93,60899.535,39.304559889000004,0.0,78720.99533244244,0,close_proxy
2026-01-13,09:25,BUY,1000,60.78,60810.39,8.841830706,0.0,17901.763501736445,1000,daily_open_indicative
2026-01-16,15:00,SELL,1000,63.0,62968.5,40.63986990000001,66.0,81093.62363183644,0,close_proxy
2026-01-19,09:25,BUY,1000,62.11,62141.05499999999,9.035309397,0.0,18943.53332243945,1000,daily_open_indicative
2026-01-22,15:00,SELL,1000,62.75,62718.625,40.478600575,0.0,81621.67972186445,0,close_proxy
2026-01-23,09:25,BUY,1000,62.0,62031.0,9.0193074,0.0,19581.66041446445,1000,daily_open_indicative
2026-02-02,15:00,SELL,1000,55.68,55652.16,35.917904064000005,0.0,75197.90251040045,0,close_proxy
2026-02-03,09:25,BUY,1000,56.3,56328.149999999994,8.19011301,0.0,18861.56239739046,1000,daily_open_indicative
2026-02-26,15:00,SELL,1000,57.95,57921.025,37.38222953500001,0.0,76745.20516785546,0,close_proxy
2026-02-27,09:25,BUY,1000,56.3,56328.149999999994,8.19011301,0.0,20408.86505484546,1000,daily_open_indicative
2026-03-10,15:00,SELL,1000,54.36,54332.82,35.066402028,0.0,74706.61865281746,0,close_proxy
2026-03-11,09:25,BUY,1000,54.7,54727.35,7.957356690000001,0.0,19971.31129612746,1000,daily_open_indicative
2026-03-17,15:00,SELL,1000,50.9,50874.55,32.834434570000006,0.0,70813.02686155746,0,close_proxy
2026-03-18,09:25,BUY,1000,51.3,51325.649999999994,7.462749509999999,0.0,19479.914112047467,1000,daily_open_indicative
2026-03-19,15:00,SELL,1000,50.46,50434.770000000004,32.550600558000006,0.0,69882.13351148946,0,close_proxy
2026-03-20,09:25,BUY,1000,50.98,51005.49,7.416198246,0.0,18869.227313243464,1000,daily_open_indicative
2026-03-25,15:00,SELL,1000,50.31,50284.845,32.453838963,0.0,69121.61847428046,0,close_proxy
2026-03-26,09:25,BUY,1000,50.0,50025.0,7.2736350000000005,0.0,19089.344839280464,1000,daily_open_indicative
2026-03-31,15:00,SELL,1000,51.46,51434.270000000004,33.195677858,0.0,70490.41916142247,0,close_proxy
2026-04-01,09:25,BUY,1000,53.0,53026.5,7.7100531000000005,0.0,17456.209108322466,1000,daily_open_indicative
2026-04-02,15:00,SELL,1000,52.0,51974.0,33.5440196,0.0,69396.66508872247,0,close_proxy
2026-04-03,09:25,BUY,1000,52.6,52626.299999999996,7.6518640200000005,0.0,16762.71322470247,1000,daily_open_indicative
2026-04-09,15:00,SELL,1000,55.02,54992.490000000005,35.492153046000006,0.0,71719.71107165648,0,close_proxy
2026-04-10,09:25,BUY,1000,55.6,55627.799999999996,8.08828212,0.0,16083.822789536483,1000,daily_open_indicative
2026-04-15,15:00,SELL,1000,57.82,57791.090000000004,37.298369486000006,0.0,73837.6144200505,0,close_proxy
2026-04-16,09:25,BUY,1000,57.99,58018.994999999995,8.435961873,0.0,15810.183458177497,1000,daily_open_indicative
2026-04-20,15:00,SELL,1000,61.51,61479.245,39.678704723,0.0,77249.7497534545,0,close_proxy
2026-04-21,09:25,BUY,1000,60.97,61000.48499999999,8.869470518999998,0.0,16240.395282935504,1000,daily_open_indicative
2026-04-22,15:00,SELL,1000,66.89,66856.55500000001,43.14922059700001,0.0,83053.80106233852,0,close_proxy
2026-04-23,09:25,BUY,1000,66.98,67013.48999999999,9.743761446,0.0,16030.567300892522,1000,daily_open_indicative
2026-05-12,15:00,SELL,1000,64.4,64367.80000000001,41.542978120000015,0.0,80356.82432277253,0,close_proxy
2026-05-13,09:25,BUY,1000,64.1,64132.04999999999,9.324800069999998,0.0,16215.449522702547,1000,daily_open_indicative
2026-05-14,15:00,SELL,1000,68.6,68565.7,44.25230278,0.0,84736.89721992254,0,close_proxy
2026-05-15,09:25,BUY,1000,69.5,69534.75,10.110352650000001,0.0,15192.036867272545,1000,daily_open_indicative
2026-05-20,15:00,SELL,1000,68.15,68115.925,43.962017995000004,0.0,83263.99984927755,0,close_proxy
2026-05-21,09:25,BUY,1000,69.2,69234.59999999999,10.06671084,0.0,14019.333138437563,1000,daily_open_indicative
2026-05-25,15:00,SELL,1000,70.3,70264.85,45.34893419000001,0.0,84238.83420424757,0,close_proxy
2026-05-26,09:25,BUY,1000,69.86,69894.93,10.162722822000001,0.0,14333.741481425575,1000,daily_open_indicative
2026-05-29,15:00,SELL,1000,73.4,73363.3,47.34867382,0.0,87649.69280760558,0,close_proxy
2026-06-01,09:25,BUY,1000,75.2,75237.59999999999,10.939547039999999,0.0,12401.153260565581,1000,daily_open_indicative
2026-06-03,15:00,SELL,1000,81.05,81009.475,52.28351516500001,0.0,93358.34474540058,0,close_proxy
2026-06-04,09:25,BUY,1000,80.0,80040.0,11.637816,0.0,13306.706929400578,1000,daily_open_indicative
2026-06-10,15:00,SELL,1000,71.13,71094.435,45.884348349,0.0,84355.25758105157,0,close_proxy
2026-06-11,09:25,BUY,1000,69.82,69854.90999999999,10.156903913999999,0.0,14490.19067713758,1000,daily_open_indicative
2026-06-16,15:00,SELL,1000,72.9,72863.55,47.02613517,0.0,87306.71454196758,0,close_proxy
2026-06-17,09:25,BUY,1000,71.7,71735.84999999999,10.430392589999999,0.0,15560.434149377586,1000,daily_open_indicative
2026-06-18,15:00,SELL,1000,78.08,78040.96,50.367635584000006,0.0,93551.0265137936,0,close_proxy
2026-06-22,09:25,BUY,1000,78.08,78119.04,11.358508416,0.0,15420.628005377599,1000,daily_open_indicative
2026-06-23,15:00,SELL,1000,74.1,74062.95,47.800227930000005,0.0,89435.7777774476,0,close_proxy
2026-06-24,09:25,BUY,1000,73.0,73036.5,10.619507100000002,0.0,16388.6582703476,1000,daily_open_indicative
2026-06-25,15:00,SELL,1000,76.99,76951.505,49.66450132700001,0.0,93290.4987690206,0,close_proxy
2026-06-26,09:25,BUY,1000,75.0,75037.5,10.910452500000002,0.0,18242.088316520603,1000,daily_open_indicative
2026-07-10,15:00,SELL,1000,66.27,66236.865,42.749272671,0.0,84436.2040438496,0,close_proxy
2026-07-13,09:25,BUY,1000,65.3,65332.649999999994,9.49936731,0.0,19094.054676539607,1000,daily_open_indicative
2026-07-15,15:00,SELL,1000,63.62,63588.19,41.039817826000004,0.0,82641.20485871361,0,close_proxy
2026-07-16,09:25,BUY,1000,62.35,62381.174999999996,9.070222845,0.0,20250.95963586861,1000,daily_open_indicative
2026-07-22,15:00,SELL,1000,60.71,60679.645000000004,39.162642883000004,0.0,80891.44199298561,0,close_proxy
2026-07-23,09:25,BUY,1000,61.99,62020.994999999995,9.017852673,0.0,18861.42914031261,1000,daily_open_indicative
2026-07-28,15:00,SELL,1000,58.08,58050.96000000001,37.466089584,0.0,76874.92305072863,0,close_proxy
2026-07-29,09:25,BUY,1000,58.08,58109.03999999999,8.449054416000001,0.0,18757.433996312633,1000,daily_open_indicative
2026-08-05,15:00,SELL,1000,65.92,65887.04000000001,42.523495616000005,130.0,85121.95050069664,0,close_proxy
2026-08-06,09:25,BUY,1000,65.55,65582.775,9.535735485,0.0,19529.639765211643,1000,daily_open_indicative
2026-08-17,15:00,SELL,1000,68.23,68195.88500000001,44.01362417900001,0.0,87681.51114103265,0,close_proxy
2026-08-18,09:25,BUY,1000,67.7,67733.84999999999,9.848501789999998,0.0,19937.812639242664,1000,daily_open_indicative
2026-08-27,15:00,SELL,1000,63.86,63828.07000000001,41.19463637800001,0.0,83724.68800286467,0,close_proxy
2026-08-28,09:25,BUY,1000,64.04,64072.020000000004,9.316071708000003,0.0,19643.351931156663,1000,daily_open_indicative
2026-09-01,15:00,SELL,1000,62.94,62908.530000000006,40.60116526200001,0.0,82511.28076589467,0,close_proxy
2026-09-02,09:25,BUY,1000,61.72,61750.85999999999,8.978575044000001,0.0,20751.442190850677,1000,daily_open_indicative
2026-09-08,15:00,SELL,1000,64.75,64717.625,41.768755175,0.0,85427.29843567568,0,close_proxy
2026-09-09,09:25,BUY,1000,64.9,64932.450000000004,9.441178230000002,0.0,20485.407257445673,1000,daily_open_indicative
